100
1
19
23
10
1099
1999
11101
200
20
999998
990000
1111
101
11001
999
21
210987
999989
1000000
99
10010
989999
900000
10101
11000
2200
10110
998999
2100
999999
22
30
1998
199
9
32
999001
456789
890123
567890
2000
10000
101001
10999
12001
11
12
2101
100
2002
102
990001
11011
999899
111
899999
101000
77777
12000
2001
10100
11010
64
32
999000
29
201
91
11110
11100
90
999900
9999
999990
432109
7
10011
19
1110
999901
900
4096
901
8192
99001
110
100001
11111
10001
31
2201
999991
1100
10111
1101
900001
1000
1001
100000
99000
